0,395
64,431
64,430
96,37
96,36
64,429
64,428
64,427
64,426
64,425
64,424
64,423
64,422
64,421
64,420
64,419
64,418
64,417
64,416
64,415
64,414
64,413
64,412
64,411
64,410
64,409
64,408
64,407
64,406
64,405
64,404
64,403
64,402
64,401
64,400
64,399
64,398
64,397
64,396
64,395
0,394
64,394
64,393
64,392
64,391
64,390
64,389
64,388
64,387
64,386
64,385
0,393
64,384
0,392
96,35
9,6
9,4
9,2
9,3
8,6
8,12
8,16
8,11
8,4
8,2
8,3
66,134
66,133
66,132
66,131
66,130
66,128
66,127
66,10
66,9
66,8
66,5
66,1
65,7
65,6
65,3
65,1
64,363
64,362
64,361
64,360
64,359
64,358
64,357
64,356
64,355
64,354
64,353
64,352
64,351
64,350
64,349
64,348
64,347
64,346
64,345
64,344
64,343
64,342
64,341
64,340
64,339
64,337
64,336
64,335
64,334
64,333
64,332
64,331
64,330
64,153
64,134
64,133
64,131
64,120
64,119
64,80
64,71
64,70
64,11
64,5
64,4
64,3
64,2
64,1
64,0
20,3
20,2
20,1
19,3
19,2
19,1
18,3
18,1
14,7
14,5
14,3
14,1
13,3
13,1
12,3
12,2
12,1
11,28
11,27
11,26
11,25
11,24
11,23
11,22
11,21
11,20
11,19
11,18
11,17
11,16
11,15
11,14
11,13
11,12
11,10
11,7
11,3
11,2
11,1
10,303
10,302
10,301
10,300
10,299
